10 60 125 160 325 435 475 50 37 50 50 50 50 46
10 60 125 160 325 435 475 50 37 50 50 50 50 46
10 60 125 160 325 435 475 50 37 50 50 50 50 46
10 60 125 160 325 435 475 50 37 50 50 50 50 46
10 60 125 160 325 435 475 50 37 50 50 50 50 46
10 60 125 160 325 435 475 50 37 50 50 50 50 46
10 60 125 160 325 435 475 50 37 50 50 50 50 46
10 60 125 160 195 435 475 50 37 50 50 50 50 46
10 60 125 160 325 435 475 50 37 50 50 50 50 46
10 60 125 160 190 435 475 50 37 50 50 50 50 46
10 60 125 155 300 385 425 50 37 50 50 50 50 51
